
SECRETARIA DE ADMINISTRACION                                                                 OFICINA DE PENSIONES
COMPARATIVO DE NOMINA  PARA EL PAGO A JUBILADOS DEL MES DE OCTUBRE DE 2017                      FECHA: 25/09/2017
===================================================================================================================
                          NOMINA
CVE. DESCRIPCION          SEPTIEMBRE            ALTAS           BAJAS         TOTAL        NOMINA       DIFERENCIA
===================================================================================================================

P E R C E P C I O N E S

  1 PENSION MENSUAL   30,523,960.90           59,015.00      17,232.00  30,565,743.90  30,565,743.90           0.00
  1 PENSION MENSUAL      233,173.50 RET.      45,520.00     233,173.50      45,520.00      45,520.00           0.00
  3 COMP. COMPACTA         2,512.00                0.00           0.00       2,512.00       2,512.00           0.00
  4 AJUSTE PENSION         3,746.00                0.00           0.00       3,746.00       3,746.00           0.00
 14 P.S.M.             6,323,651.00           13,908.00       3,675.00   6,333,884.00   6,333,884.00           0.00
 14 P.S.M.                42,537.00 RET.       8,208.00      42,537.00       8,208.00       8,208.00           0.00
 16 DESPENSA           2,477,112.00            5,808.00         968.00   2,481,952.00   2,481,952.00           0.00
 16 DESPENSA              15,972.00 RET.       2,904.00      15,972.00       2,904.00       2,904.00           0.00
 19 VIDA CARA          1,195,053.00            2,802.00         467.00   1,197,388.00   1,197,388.00           0.00
 19 VIDA CARA              7,705.50 RET.         934.00       7,705.50         934.00         934.00           0.00
 25 QUINQUENIOS        5,790,475.71           12,385.70       2,259.80   5,800,601.61   5,800,601.61           0.00
 25 QUINQUENIOS           39,798.15 RET.       7,484.70      39,798.15       7,484.70       7,484.70           0.00
                     --------------      -------------- -------------- -------------- -------------- --------------
TOTALES:              46,655,696.76          158,969.40     363,787.95  46,450,878.21  46,450,878.21           0.00

D E D U C C I O N E S

 69 PAGOS.INDEBIDOS          439.10 QUIN           0.00         439.10           0.00           0.00           0.00
 82 AYUDA DE DEFUN        36,380.00              360.00          20.00      36,720.00      36,720.00           0.00
 85 AYUDA UNION JUB       18,005.00              210.00          10.00      18,205.00      18,205.00           0.00
202 FDO.D PENSIONES      408,974.94            5,311.35      12,113.19     402,173.10     402,173.10           0.00
202 FDO.D PENSIONES       20,149.47 RET.       4,096.81      20,149.47       4,096.81       4,096.81           0.00
204 I.M.S.S.             156,594.81          178,974.40      55,544.95     280,024.26     280,024.26           0.00
205 PRESTAMO PENS.     3,683,336.00          214,205.00      59,255.00   3,838,286.00   3,838,286.00           0.00
206 PRESTAMO HIPOT.       92,892.00                0.07         519.00      92,373.07      92,373.07           0.00
217 DESC.JUD.X POR.      330,761.36                0.00           0.00     330,761.36     330,761.36           0.00
217 DESC.JUD.X POR.       20,340.25 RET.           0.00       3,640.48      16,699.77      16,699.77           0.00
220 ACREIMEX             869,826.00          110,694.00      63,993.00     916,527.00     916,527.00           0.00
221 DIRECTOS D.R.H.       51,125.00            3,850.00       5,775.00      49,200.00      49,200.00           0.00
226 LINEA BCA.D.R.H       83,366.40           10,584.00      13,411.20      80,539.20      80,539.20           0.00
227 PAQ. MAT. D.R.H       33,020.00                0.00       1,625.00      31,395.00      31,395.00           0.00
231 VALE DE DESPENS          900.00              900.00         900.00         900.00         900.00           0.00
241 SERVS. FUNERA.        42,352.00            1,292.00       5,693.00      37,951.00      37,951.00           0.00
242 INVERPREA            207,674.06           32,781.28      32,089.93     208,365.41     208,365.41           0.00
251 SOLIDEZ DE M         563,086.00           52,047.00      34,283.00     580,850.00     580,850.00           0.00
257 CREDIFIEL            117,861.01                0.00           0.00     117,861.01     117,861.01           0.00
260 MULT. TU NOMINA      875,171.13                0.00      15,213.29     859,957.84     859,957.84           0.00
265 MONTE DE PIEDAD      158,304.00           24,820.00      12,036.00     171,088.00     171,088.00           0.00
268 CRED.SALVADOR        159,418.00                0.00       3,540.00     155,878.00     155,878.00           0.00
269 TOTAL CREDIT         123,553.56           33,937.22           0.00     157,490.78     157,490.78           0.00
270 MAS NOMINA             7,765.00            3,720.00           0.00      11,485.00      11,485.00           0.00
272 SUPER CASH            15,831.73           38,780.39           0.00      54,612.12      54,612.12           0.00
                     --------------      -------------- -------------- -------------- -------------- --------------
TOTALES:               8,077,126.82          716,563.52     340,250.61   8,453,439.73   8,453,439.73           0.00

DIFERENCIA:           38,578,569.94         -557,594.12      23,537.34  37,997,438.48  37,997,438.48           0.00 