
SECRETARIA DE ADMINISTRACION                                                                 OFICINA DE PENSIONES
COMPARATIVO DE NOMINA  PARA EL PAGO A JUBILADOS DEL MES DE ENERO DE 2018                        FECHA: 22/12/2017
===================================================================================================================
                          NOMINA
CVE. DESCRIPCION          DICIEMBRE             ALTAS           BAJAS         TOTAL        NOMINA       DIFERENCIA
===================================================================================================================

P E R C E P C I O N E S

  1 PENSION MENSUAL   30,693,248.90          930,418.00      15,364.00  31,608,302.90  31,608,302.90           0.00
  1 PENSION MENSUAL      121,080.50 RET.      13,495.00     121,080.50      13,495.00      13,495.00           0.00
  3 COMP. COMPACTA         2,512.00                0.00           0.00       2,512.00       2,512.00           0.00
  4 AJUSTE PENSION         3,746.00                0.00           0.00       3,746.00       3,746.00           0.00
 14 P.S.M.             6,361,704.00          190,196.00       2,964.00   6,548,936.00   6,548,936.00           0.00
 14 P.S.M.                23,590.00 RET.       2,736.00      23,590.00       2,736.00       2,736.00           0.00
 16 DESPENSA           2,491,632.00           68,728.00       1,936.00   2,558,424.00   2,558,424.00           0.00
 16 DESPENSA               8,712.00 RET.         968.00       8,712.00         968.00         968.00           0.00
 19 VIDA CARA          1,202,058.00           33,157.00         934.00   1,234,281.00   1,234,281.00           0.00
 19 VIDA CARA              4,203.00 RET.         467.00       4,203.00         467.00         467.00           0.00
 25 QUINQUENIOS        5,825,141.81          174,243.60       3,328.80   5,996,056.61   5,996,056.61           0.00
 25 QUINQUENIOS           21,792.75 RET.       2,494.90      21,792.75       2,494.90       2,494.90           0.00
 27 AGUINALDO         36,931,215.31                0.00  36,931,215.31           0.00           0.00           0.00
                     --------------      -------------- -------------- -------------- -------------- --------------
TOTALES:              83,690,636.27        1,416,903.50  37,135,120.36  47,972,419.41  47,972,419.41           0.00

D E D U C C I O N E S

 69 PAGOS.INDEBIDOS        1,000.00                0.00       1,000.00           0.00           0.00           0.00
 82 AYUDA DE DEFUN        37,040.00           27,810.00      37,040.00      27,810.00      27,810.00           0.00
 83 CUOTA UNION JUB       46,375.00                0.00      46,225.00         150.00         150.00           0.00
 85 AYUDA UNION JUB       18,380.00               30.00          10.00      18,400.00      18,400.00           0.00
202 FDO.D PENSIONES      374,527.75           58,753.34           0.00     433,281.09     433,281.09           0.00
202 FDO.D PENSIONES        9,682.65 RET.       1,214.55       9,682.65       1,214.55       1,214.55           0.00
204 I.M.S.S.             288,525.30           38,676.54     179,602.73     147,599.11     147,599.11           0.00
205 PRESTAMO PENS.     3,784,254.00          175,237.00     161,764.00   3,797,727.00   3,797,727.00           0.00
206 PRESTAMO HIPOT.       95,115.00           26,850.25       3,574.00     118,391.25     118,391.25           0.00
217 DESC.JUD.X POR.      596,495.57           11,290.53     287,263.86     320,522.24     320,522.24           0.00
220 ACREIMEX             978,174.00           45,342.00      37,775.00     985,741.00     985,741.00           0.00
221 DIRECTOS D.R.H.       48,127.60            3,424.50       1,927.60      49,624.50      49,624.50           0.00
226 LINEA BCA.D.R.H       75,662.00            5,154.80       3,208.40      77,608.40      77,608.40           0.00
227 PAQ. MAT. D.R.H       31,520.00            3,375.00       2,625.00      32,270.00      32,270.00           0.00
231 VALE DE DESPENS        1,500.00                0.00       1,500.00           0.00           0.00           0.00
241 SERVS. FUNERA.        36,812.00            3,203.00       3,777.00      36,238.00      36,238.00           0.00
242 INVERPREA            206,631.39           61,012.25      34,085.16     233,558.48     233,558.48           0.00
251 SOLIDEZ DE M         618,896.00           26,875.00      42,796.00     602,975.00     602,975.00           0.00
257 CREDIFIEL            117,861.01                0.00           0.00     117,861.01     117,861.01           0.00
260 MULT. TU NOMINA      851,852.88           51,394.65           0.00     903,247.53     903,247.53           0.00
265 MONTE DE PIEDAD      149,572.00            6,770.00       4,300.00     152,042.00     152,042.00           0.00
268 CRED.SALVADOR        141,365.00                0.00           0.00     141,365.00     141,365.00           0.00
269 TOTAL CREDIT         194,990.56            4,376.72           0.00     199,367.28     199,367.28           0.00
270 MAS NOMINA            11,485.00            3,747.00           0.00      15,232.00      15,232.00           0.00
271 X TU NOMINA                0.00            1,013.37           0.00       1,013.37       1,013.37           0.00
272 SUPER CASH           132,561.41           36,570.23           0.00     169,131.64     169,131.64           0.00
273 CREDITO EXPRESS       23,904.00            7,217.00           0.00      31,121.00      31,121.00           0.00
                     --------------      -------------- -------------- -------------- -------------- --------------
TOTALES:               8,872,310.12          599,337.73     858,156.40   8,613,491.45   8,613,491.45           0.00

DIFERENCIA:           74,818,326.15          817,565.77  36,276,963.96  39,358,927.96  39,358,927.96           0.00 