
SECRETARIA DE ADMINISTRACION                                                                 OFICINA DE PENSIONES
COMPARATIVO DE NOMINA  PARA EL PAGO A JUBILADOS DEL MES DE NOVIEMBRE DE 2017                    FECHA: 25/10/2017
===================================================================================================================
                          NOMINA
CVE. DESCRIPCION          OCTUBRE               ALTAS           BAJAS         TOTAL        NOMINA       DIFERENCIA
===================================================================================================================

P E R C E P C I O N E S

  1 PENSION MENSUAL   30,565,743.90           61,391.00      38,708.00  30,588,426.90  30,588,426.90           0.00
  1 PENSION MENSUAL       45,520.00 RET.      65,096.50      45,520.00      65,096.50      65,096.50           0.00
  3 COMP. COMPACTA         2,512.00                0.00           0.00       2,512.00       2,512.00           0.00
  4 AJUSTE PENSION         3,746.00                0.00           0.00       3,746.00       3,746.00           0.00
 14 P.S.M.             6,333,884.00           13,908.00       8,478.00   6,339,314.00   6,339,314.00           0.00
 14 P.S.M.                 8,208.00 RET.      10,944.00       8,208.00      10,944.00      10,944.00           0.00
 15 AYUDA DIA/JUB.             0.00           89,318.00           0.00      89,318.00      89,318.00           0.00
 16 DESPENSA           2,481,952.00            5,808.00       3,872.00   2,483,888.00   2,483,888.00           0.00
 16 DESPENSA               2,904.00 RET.       3,872.00       2,904.00       3,872.00       3,872.00           0.00
 19 VIDA CARA          1,197,388.00            2,802.00       1,868.00   1,198,322.00   1,198,322.00           0.00
 19 VIDA CARA                934.00 RET.       1,868.00         934.00       1,868.00       1,868.00           0.00
 25 QUINQUENIOS        5,800,601.61           13,052.40       8,096.10   5,805,557.91   5,805,557.91           0.00
 25 QUINQUENIOS            7,484.70 RET.       9,979.60       7,484.70       9,979.60       9,979.60           0.00
                     --------------      -------------- -------------- -------------- -------------- --------------
TOTALES:              46,450,878.21          278,039.50     126,072.80  46,602,844.91  46,602,844.91           0.00

D E D U C C I O N E S

 82 AYUDA DE DEFUN        36,720.00            9,255.00      36,720.00       9,255.00       9,255.00           0.00
 85 AYUDA UNION JUB       18,205.00              180.00          20.00      18,365.00      18,365.00           0.00
202 FDO.D PENSIONES      402,173.10            7,905.33      34,304.13     375,774.30     375,774.30           0.00
202 FDO.D PENSIONES        4,096.81 RET.       7,059.69       4,096.81       7,059.69       7,059.69           0.00
204 I.M.S.S.             280,024.26           56,103.63      47,042.59     289,085.30     289,085.30           0.00
205 PRESTAMO PENS.     3,838,286.00          191,728.00     173,412.00   3,856,602.00   3,856,602.00           0.00
206 PRESTAMO HIPOT.       92,373.07                0.00           0.07      92,373.00      92,373.00           0.00
217 DESC.JUD.X POR.      330,761.36            2,408.26           0.00     333,169.62     333,169.62           0.00
217 DESC.JUD.X POR.       16,699.77 RET.           0.00      16,699.77           0.00           0.00           0.00
220 ACREIMEX             916,527.00           69,747.00      48,980.00     937,294.00     937,294.00           0.00
221 DIRECTOS D.R.H.       49,200.00            3,385.40         525.00      52,060.40      52,060.40           0.00
226 LINEA BCA.D.R.H       80,539.20            6,694.40       7,530.40      79,703.20      79,703.20           0.00
227 PAQ. MAT. D.R.H       31,395.00            1,875.00       3,750.00      29,520.00      29,520.00           0.00
231 VALE DE DESPENS          900.00                0.00         900.00           0.00           0.00           0.00
241 SERVS. FUNERA.        37,951.00              994.00         243.00      38,702.00      38,702.00           0.00
242 INVERPREA            208,365.41           56,602.96      61,808.13     203,160.24     203,160.24           0.00
251 SOLIDEZ DE M         580,850.00           35,329.00       6,455.00     609,724.00     609,724.00           0.00
257 CREDIFIEL            117,861.01                0.00           0.00     117,861.01     117,861.01           0.00
260 MULT. TU NOMINA      859,957.84           12,695.64      18,846.93     853,806.55     853,806.55           0.00
265 MONTE DE PIEDAD      171,088.00           12,712.00      11,540.00     172,260.00     172,260.00           0.00
268 CRED.SALVADOR        155,878.00                0.00      10,738.00     145,140.00     145,140.00           0.00
269 TOTAL CREDIT         157,490.78           21,458.68           0.00     178,949.46     178,949.46           0.00
270 MAS NOMINA            11,485.00                0.00           0.00      11,485.00      11,485.00           0.00
272 SUPER CASH            54,612.12           30,381.46           0.00      84,993.58      84,993.58           0.00
                     --------------      -------------- -------------- -------------- -------------- --------------
TOTALES:               8,453,439.73          526,515.45     483,611.83   8,496,343.35   8,496,343.35           0.00

DIFERENCIA:           37,997,438.48         -248,475.95    -357,539.03  38,106,501.56  38,106,501.56           0.00 