
SECRETARIA DE ADMINISTRACION                                                                 OFICINA DE PENSIONES
COMPARATIVO DE NOMINA ELECTRONICA PARA EL PAGO A PENSIONADOS DEL MES DE NOVIEMBRE DE 2017       FECHA: 25/10/2017
===================================================================================================================
                          NOMINA
CVE. DESCRIPCION          OCTUBRE               ALTAS           BAJAS         TOTAL        NOMINA       DIFERENCIA
===================================================================================================================

P E R C E P C I O N E S

  1 PENSION MENSUAL      722,775.57          753,132.23     722,775.57     753,132.23     753,132.23           0.00
  1 PENSION MENSUAL            0.00          290,220.76           0.00     290,220.76     290,220.76           0.00
 14 P.S.M.                 2,026.92                0.00           0.00       2,026.92       2,026.92           0.00
 15 AYUDA DIA/JUB.             0.00               34.00           0.00          34.00          34.00           0.00
 16 DESPENSA                 735.68                0.00           0.00         735.68         735.68           0.00
 19 VIDA CARA                354.92                0.00           0.00         354.92         354.92           0.00
 25 QUINQUENIOS            1,487.40                0.00           0.00       1,487.40       1,487.40           0.00
                     --------------      -------------- -------------- -------------- -------------- --------------
TOTALES:                 727,380.49        1,043,386.99     722,775.57   1,047,991.91   1,047,991.91           0.00

D E D U C C I O N E S

 82 AYUDA DE DEFUN         1,200.00              300.00       1,200.00         300.00         300.00           0.00
 85 AYUDA UNION JUB          585.00                0.00           0.00         585.00         585.00           0.00
202 FDO.D PENSIONES       18,867.65 9%             0.00           0.00      18,867.65      18,867.65           0.00
204 I.M.S.S.              10,420.78            1,445.18       1,210.77      10,655.19      10,655.19           0.00
205 PRESTAMO PENS.        37,544.00            4,208.00       1,857.00      39,895.00      39,895.00           0.00
206 PRESTAMO HIPOT.        3,109.00                0.00         173.00       2,936.00       2,936.00           0.00
217 DESC.JUD.X POR.        3,444.00 20%            0.00           0.00       3,444.00       3,444.00           0.00
220 ACREIMEX               5,856.00              895.00           0.00       6,751.00       6,751.00           0.00
221 DIRECTOS D.R.H.          825.00              275.00           0.00       1,100.00       1,100.00           0.00
226 LINEA BCA.D.R.H        1,110.40              280.80           0.00       1,391.20       1,391.20           0.00
227 PAQ. MAT. D.R.H        1,000.00              250.00           0.00       1,250.00       1,250.00           0.00
241 SERVS. FUNERA.             0.00              504.00           0.00         504.00         504.00           0.00
242 INVERPREA              2,378.73                0.00           0.00       2,378.73       2,378.73           0.00
251 SOLIDEZ DE M           8,173.00                0.00           0.00       8,173.00       8,173.00           0.00
257 CREDIFIEL              3,948.91                0.00           0.00       3,948.91       3,948.91           0.00
260 MULT. TU NOMINA        9,676.02                0.00           0.00       9,676.02       9,676.02           0.00
265 MONTE DE PIEDAD        6,016.00                0.00           0.00       6,016.00       6,016.00           0.00
268 CRED.SALVADOR          6,725.00                0.00           0.00       6,725.00       6,725.00           0.00
269 TOTAL CREDIT           2,818.98            1,317.13           0.00       4,136.11       4,136.11           0.00
272 SUPER CASH             1,323.72                0.00           0.00       1,323.72       1,323.72           0.00
                     --------------      -------------- -------------- -------------- -------------- --------------
TOTALES:                 125,022.19            9,475.11       4,440.77     130,056.53     130,056.53           0.00

DIFERENCIA:              602,358.30        1,033,911.88     718,334.80     917,935.38     917,935.38           0.00 