
SECRETARIA DE ADMINISTRACION                                                                 OFICINA DE PENSIONES
COMPARATIVO DE NOMINA  PARA EL PAGO A JUBILADOS DEL MES DE SEPTIEMBRE DE 2017                   FECHA: 25/08/2017
===================================================================================================================
                          NOMINA
CVE. DESCRIPCION          AGOSTO                ALTAS           BAJAS         TOTAL        NOMINA       DIFERENCIA
===================================================================================================================

P E R C E P C I O N E S

  1 PENSION MENSUAL   30,167,641.90          372,805.00      16,486.00  30,523,960.90  30,523,960.90           0.00
  1 PENSION MENSUAL      319,636.50 RET.     233,173.50     319,636.50     233,173.50     233,173.50           0.00
  3 COMP. COMPACTA         2,512.00                0.00           0.00       2,512.00       2,512.00           0.00
  4 AJUSTE PENSION         3,746.00                0.00           0.00       3,746.00       3,746.00           0.00
 14 P.S.M.             6,253,981.00           73,484.00       3,814.00   6,323,651.00   6,323,651.00           0.00
 14 P.S.M.                66,627.00 RET.      42,537.00      66,627.00      42,537.00      42,537.00           0.00
 15 AYUDA DIA/JUB.     2,395,215.00                0.00   2,395,215.00           0.00           0.00           0.00
 16 DESPENSA           2,451,944.00           27,104.00       1,936.00   2,477,112.00   2,477,112.00           0.00
 16 DESPENSA              25,168.00 RET.      15,972.00      25,168.00      15,972.00      15,972.00           0.00
 19 VIDA CARA          1,182,911.00           13,076.00         934.00   1,195,053.00   1,195,053.00           0.00
 19 VIDA CARA             11,908.50 RET.       7,705.50      11,908.50       7,705.50       7,705.50           0.00
 25 QUINQUENIOS        5,725,869.81           68,196.90       3,591.00   5,790,475.71   5,790,475.71           0.00
 25 QUINQUENIOS           62,661.55 RET.      39,798.15      62,661.55      39,798.15      39,798.15           0.00
                     --------------      -------------- -------------- -------------- -------------- --------------
TOTALES:              48,669,822.26          893,852.05   2,907,977.55  46,655,696.76  46,655,696.76           0.00

D E D U C C I O N E S

 69 PAGOS.INDEBIDOS        2,079.10 QUIN           0.00       1,640.00         439.10         439.10           0.00
 82 AYUDA DE DEFUN        36,140.00              280.00          40.00      36,380.00      36,380.00           0.00
 85 AYUDA UNION JUB       17,885.00              140.00          20.00      18,005.00      18,005.00           0.00
202 FDO.D PENSIONES      392,901.21           27,626.85      11,553.12     408,974.94     408,974.94           0.00
202 FDO.D PENSIONES       27,552.79 RET.      20,149.47      27,552.79      20,149.47      20,149.47           0.00
204 I.M.S.S.             148,837.49           54,007.27      46,249.95     156,594.81     156,594.81           0.00
205 PRESTAMO PENS.     3,699,461.00          212,010.00     228,135.00   3,683,336.00   3,683,336.00           0.00
206 PRESTAMO HIPOT.       94,559.00            1,211.00       2,878.00      92,892.00      92,892.00           0.00
217 DESC.JUD.X POR.      331,212.34            5,111.84       5,562.82     330,761.36     330,761.36           0.00
217 DESC.JUD.X POR.       16,699.77 RET.       3,640.48           0.00      20,340.25      20,340.25           0.00
220 ACREIMEX             845,440.00           76,963.00      52,577.00     869,826.00     869,826.00           0.00
221 DIRECTOS D.R.H.       45,900.00            7,700.00       2,475.00      51,125.00      51,125.00           0.00
226 LINEA BCA.D.R.H       72,731.20           12,023.20       1,388.00      83,366.40      83,366.40           0.00
227 PAQ. MAT. D.R.H       33,812.20            2,125.00       2,917.20      33,020.00      33,020.00           0.00
231 VALE DE DESPENS          600.00              600.00         300.00         900.00         900.00           0.00
241 SERVS. FUNERA.        43,398.00            1,230.00       2,276.00      42,352.00      42,352.00           0.00
242 INVERPREA            214,061.05                0.00       6,386.99     207,674.06     207,674.06           0.00
251 SOLIDEZ DE M         554,333.00           40,495.00      31,742.00     563,086.00     563,086.00           0.00
257 CREDIFIEL            119,041.18                0.00       1,180.17     117,861.01     117,861.01           0.00
260 MULT. TU NOMINA      761,311.94          156,404.91      42,545.72     875,171.13     875,171.13           0.00
265 MONTE DE PIEDAD      119,590.00           45,782.00       7,068.00     158,304.00     158,304.00           0.00
268 CRED.SALVADOR        160,008.00                0.00         590.00     159,418.00     159,418.00           0.00
269 TOTAL CREDIT          78,249.21           46,671.91       1,367.56     123,553.56     123,553.56           0.00
270 MAS NOMINA             3,380.00            4,385.00           0.00       7,765.00       7,765.00           0.00
272 SUPER CASH                 0.00           15,831.73           0.00      15,831.73      15,831.73           0.00
                     --------------      -------------- -------------- -------------- -------------- --------------
TOTALES:               7,819,183.48          734,388.66     476,445.32   8,077,126.82   8,077,126.82           0.00

DIFERENCIA:           40,850,638.78          159,463.39   2,431,532.23  38,578,569.94  38,578,569.94           0.00 