
SECRETARIA DE ADMINISTRACION                                                                 OFICINA DE PENSIONES
COMPARATIVO DE NOMINA  PARA EL PAGO A JUBILADOS DEL MES DE AGOSTO DE 2017                       FECHA: 31/07/2017
===================================================================================================================
                          NOMINA
CVE. DESCRIPCION          JULIO                 ALTAS           BAJAS         TOTAL        NOMINA       DIFERENCIA
===================================================================================================================

P E R C E P C I O N E S

  1 PENSION MENSUAL   29,695,689.90          529,135.00      57,183.00  30,167,641.90  30,167,641.90           0.00
  1 PENSION MENSUAL       81,179.50 RET.     319,636.50      81,179.50     319,636.50     319,636.50           0.00
  3 COMP. COMPACTA         2,512.00                0.00           0.00       2,512.00       2,512.00           0.00
  4 AJUSTE PENSION         3,746.00                0.00           0.00       3,746.00       3,746.00           0.00
 14 P.S.M.             6,155,280.00          111,063.00      12,362.00   6,253,981.00   6,253,981.00           0.00
 14 P.S.M.                14,710.00 RET.      66,627.00      14,710.00      66,627.00      66,627.00           0.00
 15 AYUDA DIA/JUB.             0.00        2,395,215.00           0.00   2,395,215.00   2,395,215.00           0.00
 16 DESPENSA           2,415,160.00           41,624.00       4,840.00   2,451,944.00   2,451,944.00           0.00
 16 DESPENSA               5,324.00 RET.      25,168.00       5,324.00      25,168.00      25,168.00           0.00
 19 VIDA CARA          1,165,165.00           20,081.00       2,335.00   1,182,911.00   1,182,911.00           0.00
 19 VIDA CARA              2,568.50 RET.      11,908.50       2,568.50      11,908.50      11,908.50           0.00
 25 QUINQUENIOS        5,631,531.71          105,016.20      10,678.10   5,725,869.81   5,725,869.81           0.00
 25 QUINQUENIOS           14,141.55 RET.      62,661.55      14,141.55      62,661.55      62,661.55           0.00
                     --------------      -------------- -------------- -------------- -------------- --------------
TOTALES:              45,187,008.16        3,688,135.75     205,321.65  48,669,822.26  48,669,822.26           0.00

D E D U C C I O N E S

 69 PAGOS.INDEBIDOS          439.10 QUIN       1,640.00           0.00       2,079.10       2,079.10           0.00
 82 AYUDA DE DEFUN        26,925.00           36,140.00      26,925.00      36,140.00      36,140.00           0.00
 85 AYUDA UNION JUB       17,765.00              160.00          40.00      17,885.00      17,885.00           0.00
202 FDO.D PENSIONES      371,245.50           42,926.49      21,270.78     392,901.21     392,901.21           0.00
202 FDO.D PENSIONES        9,670.46 RET.      27,552.79       9,670.46      27,552.79      27,552.79           0.00
204 I.M.S.S.             159,896.71           47,042.59      58,101.81     148,837.49     148,837.49           0.00
205 PRESTAMO PENS.     3,560,859.00          264,305.00     125,703.00   3,699,461.00   3,699,461.00           0.00
206 PRESTAMO HIPOT.       91,639.00            4,040.00       1,120.00      94,559.00      94,559.00           0.00
217 DESC.JUD.X POR.      327,826.32            3,386.02           0.00     331,212.34     331,212.34           0.00
217 DESC.JUD.X POR.        8,547.93 RET.       8,151.84           0.00      16,699.77      16,699.77           0.00
220 ACREIMEX             837,520.00           88,328.00      80,408.00     845,440.00     845,440.00           0.00
221 DIRECTOS D.R.H.       45,512.50            4,925.00       4,537.50      45,900.00      45,900.00           0.00
226 LINEA BCA.D.R.H       76,801.20            3,608.80       7,678.80      72,731.20      72,731.20           0.00
227 PAQ. MAT. D.R.H       31,402.60            3,937.20       1,527.60      33,812.20      33,812.20           0.00
231 VALE DE DESPENS          300.00              300.00           0.00         600.00         600.00           0.00
241 SERVS. FUNERA.        44,402.00            1,356.00       2,360.00      43,398.00      43,398.00           0.00
242 INVERPREA            237,042.08                0.00      22,981.03     214,061.05     214,061.05           0.00
251 SOLIDEZ DE M         543,754.00           26,883.00      16,304.00     554,333.00     554,333.00           0.00
257 CREDIFIEL            124,942.05                0.00       5,900.87     119,041.18     119,041.18           0.00
260 MULT. TU NOMINA      765,203.95                0.00       3,892.01     761,311.94     761,311.94           0.00
265 MONTE DE PIEDAD      103,296.00           21,282.00       4,988.00     119,590.00     119,590.00           0.00
268 CRED.SALVADOR        164,728.00                0.00       4,720.00     160,008.00     160,008.00           0.00
269 TOTAL CREDIT           7,821.16           70,428.05           0.00      78,249.21      78,249.21           0.00
270 MAS NOMINA                 0.00            3,380.00           0.00       3,380.00       3,380.00           0.00
                     --------------      -------------- -------------- -------------- -------------- --------------
TOTALES:               7,557,539.56          659,772.78     398,128.86   7,819,183.48   7,819,183.48           0.00

DIFERENCIA:           37,629,468.60        3,028,362.97    -192,807.21  40,850,638.78  40,850,638.78           0.00 